

A
nTaps = 1 
tapsPow = { 0.000000,}
tapDelay = { 000000}


B
nTaps = 9 
tapsPow = { 0.000000,, -5.400000,, -2.504133,, -5.876886,, -9.151515,, -12.500000,, -15.600000,, -18.700000,, -21.800000,}
tapDelay = { 000000, 1.000000e-08, 2.000000e-08, 3.000000e-08, 4.000000e-08, 5.000000e-08, 6.000000e-08, 7.000000e-08, 8.000000e-08}


C
nTaps = 14 
tapsPow = { 0.000000,, -2.100000,, -4.300000,, -6.500000,, -8.600000,, -10.800000,, -4.361080,, -6.561080,, -8.661080,, -10.861080,, -13.700000,, -15.800000,, -18.000000,, -20.200000,}
tapDelay = { 000000, 1.000000e-08, 2.000000e-08, 3.000000e-08, 4.000000e-08, 5.000000e-08, 6.000000e-08, 7.000000e-08, 8.000000e-08, 9.000000e-08, 1.100000e-07, 1.400000e-07, 1.700000e-07, 2.000000e-07}


D
nTaps = 18 
tapsPow = { 0.000000,, -0.900000,, -1.700000,, -2.600000,, -3.500000,, -4.300000,, -5.200000,, -6.100000,, -6.900000,, -7.800000,, -4.625981,, -7.216430,, -9.816430,, -12.416430,, -13.652351,, -17.950897,, -22.337110,, -26.700000,}
tapDelay = { 000000, 1.000000e-08, 2.000000e-08, 3.000000e-08, 4.000000e-08, 5.000000e-08, 6.000000e-08, 7.000000e-08, 8.000000e-08, 9.000000e-08, 1.100000e-07, 1.400000e-07, 1.700000e-07, 2.000000e-07, 2.400000e-07, 2.900000e-07, 3.400000e-07, 3.900000e-07}


E
nTaps = 18 
tapsPow = { -2.600000,, -3.000000,, -3.500000,, -3.900000,, 0.066829,, -1.225981,, -2.525981,, -3.825981,, -3.354724,, -5.534855,, -7.642636,, -4.890378,, -12.042636,, -14.214719,, -15.328471,, -18.336614,, -20.700000,, -24.600000,}
tapDelay = { 000000, 1.000000e-08, 2.000000e-08, 3.000000e-08, 5.000000e-08, 8.000000e-08, 1.100000e-07, 1.400000e-07, 1.800000e-07, 2.300000e-07, 2.800000e-07, 3.300000e-07, 3.800000e-07, 4.300000e-07, 4.900000e-07, 5.600000e-07, 6.400000e-07, 7.300000e-07}


F
nTaps = 18 
tapsPow = { -3.300000,, -3.600000,, -3.900000,, -4.200000,, 0.032150,, -0.862241,, -1.633171,, -2.533171,, -1.453111,, -2.941635,, -4.316104,, -5.863526,, -5.242057,, -7.863674,, -9.353570,, -13.164859,, -16.300000,, -21.200000,}
tapDelay = { 000000, 1.000000e-08, 2.000000e-08, 3.000000e-08, 5.000000e-08, 8.000000e-08, 1.100000e-07, 1.400000e-07, 1.800000e-07, 2.300000e-07, 2.800000e-07, 3.300000e-07, 4.000000e-07, 4.900000e-07, 6.000000e-07, 7.300000e-07, 8.800000e-07, 1.050000e-06}
