

%%%% Final results %%%%


proportion of AC_VIs=         1          1          1          1          1          1          1          1          1          1          1          1          1          1          1          1          1          1          1          1          1          1          1          1          1          1          1          1          1          1          1          1          1          1          1          1          1          1          1          1          1          1          1          1          1          1          1          1          1          1          1          1          0          0          0          0          0          0          0          0          0          0          0          0          0          0          0          0          0          0          0          0          0          0          0          0          0          0          0          0          0          0          0          0          0          0          0          0          0          0          0          0          0          0          0          0          0          0          0          0          0          0          0          0 
BA and Aggregation Flag=         1          1          1          1          1          1          1          1          1          1          1          1          1          1          1          1          1          1          1          1          1          1          1          1          1          1          0          0          0          0          0          0          0          0          0          0          0          0          0          0          0          0          0          0          0          0          0          0          0          0          0          0          1          1          1          1          1          1          1          1          1          1          1          1          1          1          1          1          1          1          1          1          1          1          1          1          1          1          0          0          0          0          0          0          0          0          0          0          0          0          0          0          0          0          0          0          0          0          0          0          0          0          0          0 
data rate      =       2.5          5        7.5         10       12.5         15       17.5         20       22.5         25       27.5         30       32.5         35       37.5         40       42.5         45       47.5         50       52.5         55       57.5         60       62.5         65        2.5          5        7.5         10       12.5         15       17.5         20       22.5         25       27.5         30       32.5         35       37.5         40       42.5         45       47.5         50       52.5         55       57.5         60       62.5         65        2.5          5        7.5         10       12.5         15       17.5         20       22.5         25       27.5         30       32.5         35       37.5         40       42.5         45       47.5         50       52.5         55       57.5         60       62.5         65        2.5          5        7.5         10       12.5         15       17.5         20       22.5         25       27.5         30       32.5         35       37.5         40       42.5         45       47.5         50       52.5         55       57.5         60       62.5         65 Mbps


Throughput (Mbps)
mean           =      2.386      4.934      7.406     10.005     12.353     14.981     17.336     20.027     22.580     24.913     27.354     30.058     32.424     35.334     37.322     40.143     42.585     45.338     47.744     50.048     52.804     55.191     56.148     56.334     56.297     56.338      2.497      5.012      7.526      9.934     12.328     14.959     17.381     19.954     22.634     24.770     27.649     29.978     32.673     35.068     36.081     36.217     36.272     36.205     36.200     36.192     36.186     36.213     36.145     36.232     36.213     36.176      2.484      4.950      7.579     10.081     12.423     15.054     17.397     19.949     21.912     22.062     22.060     22.053     22.100     22.064     22.039     22.045     22.034     22.059     22.054     22.057     22.058     22.020     22.021     21.980     22.030     22.030      2.484      4.950      7.579     10.081     12.423     15.054     17.397     19.949     21.912     22.062     22.060     22.053     22.100     22.064     22.039     22.045     22.034     22.059     22.054     22.057     22.058     22.020     22.021     21.980     22.030     22.030 
conf. interval =      0.285      0.505      0.704      0.630      0.943      0.828      0.734      0.730      0.884      0.696      0.728      0.738      0.568      0.700      0.990      1.659      1.198      0.580      1.075      0.994      1.229      1.050      0.346      0.325      0.309      0.287      0.275      0.381      0.705      0.892      0.869      0.802      1.210      0.748      0.912      0.986      1.125      1.288      0.682      0.744      1.161      0.873      0.582      0.887      0.789      0.703      1.051      0.633      0.914      0.822      0.760      0.763      0.231      0.639      0.405      0.456      0.696      0.688      0.864      0.521      0.493      0.245      0.241      0.152      0.143      0.177      0.185      0.206      0.147      0.209      0.229      0.066      0.173      0.145      0.203      0.167      0.197      0.169      0.231      0.639      0.405      0.456      0.696      0.688      0.864      0.521      0.493      0.245      0.241      0.152      0.143      0.177      0.185      0.206      0.147      0.209      0.229      0.066      0.173      0.145      0.203      0.167      0.197      0.169 

Transfer time (ms)
mean           =      0.385      0.407      0.428      0.452      0.477      0.502      0.531      0.567      0.599      0.638      0.680      0.739      0.798      0.876      0.944      1.057      1.178      1.350      1.572      1.858      2.603      4.758     17.659     43.788     60.148     83.899      0.386      0.414      0.444      0.475      0.513      0.559      0.624      0.693      0.794      0.924      1.128      1.416      2.146      6.428     27.513     56.604     85.800    115.698    138.314    152.906    162.347    169.230    175.536    178.054    182.645    185.438      0.347      0.378      0.427      0.474      0.564      0.714      1.011      2.149     15.286     71.013    116.906    153.280    193.818    217.879    235.608    248.096    258.258    265.142    271.924    278.342    281.421    285.276    288.959    292.052    293.837    295.980      0.347      0.378      0.427      0.474      0.564      0.714      1.011      2.149     15.286     71.013    116.906    153.280    193.818    217.879    235.608    248.096    258.258    265.142    271.924    278.342    281.421    285.276    288.959    292.052    293.837    295.980 
conf. interval =      0.011      0.008      0.008      0.012      0.011      0.014      0.013      0.011      0.014      0.019      0.019      0.029      0.048      0.035      0.040      0.091      0.054      0.107      0.116      0.219      0.454      2.778     11.737     17.776     14.047      9.363      0.009      0.012      0.017      0.021      0.028      0.027      0.061      0.032      0.067      0.103      0.193      0.256      1.089      9.212     24.962     26.078     20.533     13.051     15.047     10.034     11.035      9.195      9.458      6.775      7.373      7.360      0.014      0.019      0.027      0.039      0.066      0.062      0.108      0.718     16.728     28.710     15.150     21.482     18.748     18.093      9.320     11.183      4.767      9.997      9.304      5.849      6.409      5.241      4.878      4.308      4.026      4.336      0.014      0.019      0.027      0.039      0.066      0.062      0.108      0.718     16.728     28.710     15.150     21.482     18.748     18.093      9.320     11.183      4.767      9.997      9.304      5.849      6.409      5.241      4.878      4.308      4.026      4.336 

Standard deviation of transfer time (ms)
mean           =      0.071      0.093      0.110      0.125      0.141      0.155      0.168      0.182      0.196      0.210      0.228      0.258      0.297      0.318      0.349      0.398      0.439      0.520      0.615      0.738      1.213      2.486      8.483     20.768     28.659     39.336      0.075      0.106      0.133      0.157      0.185      0.218      0.263      0.300      0.362      0.478      0.590      0.746      1.339      4.406     13.662     26.925     43.179     57.199     63.983     64.500     63.696     61.817     60.102     58.289     56.190     54.535      0.111      0.152      0.210      0.258      0.354      0.487      0.766      1.765      7.606     35.734     56.679     74.899     93.058    102.718    106.209    105.885    105.687    104.409    102.774    100.670     99.191     98.379     97.290     95.998     94.845     93.819      0.111      0.152      0.210      0.258      0.354      0.487      0.766      1.765      7.606     35.734     56.679     74.899     93.058    102.718    106.209    105.885    105.687    104.409    102.774    100.670     99.191     98.379     97.290     95.998     94.845     93.819 
conf. interval =      0.016      0.015      0.011      0.008      0.010      0.011      0.011      0.013      0.017      0.018      0.016      0.031      0.094      0.039      0.036      0.071      0.055      0.145      0.129      0.360      0.675      1.985      8.249      6.718      6.917      4.716      0.016      0.015      0.024      0.025      0.033      0.024      0.065      0.038      0.080      0.299      0.309      0.257      1.695      7.680     14.050      8.064      9.555      6.618      4.629      4.388      4.767      3.783      3.209      3.812      4.027      3.147      0.021      0.031      0.032      0.059      0.105      0.087      0.215      0.827      6.633     14.359      6.669     13.388      9.453      5.245      5.414      4.541      2.993      1.802      3.928      3.543      4.047      3.413      3.428      2.313      3.562      3.138      0.021      0.031      0.032      0.059      0.105      0.087      0.215      0.827      6.633     14.359      6.669     13.388      9.453      5.245      5.414      4.541      2.993      1.802      3.928      3.543      4.047      3.413      3.428      2.313      3.562      3.138 

Transmission time (ms)
mean           =      0.358      0.350      0.338      0.327      0.315      0.302      0.290      0.276      0.264      0.251      0.240      0.227      0.217      0.204      0.196      0.186      0.178      0.170      0.163      0.157      0.151      0.146      0.144      0.144      0.144      0.144      0.359      0.352      0.343      0.331      0.320      0.308      0.294      0.280      0.264      0.251      0.233      0.218      0.200      0.185      0.179      0.178      0.178      0.178      0.178      0.178      0.178      0.178      0.178      0.178      0.178      0.178      0.324      0.324      0.324      0.323      0.323      0.324      0.323      0.323      0.322      0.323      0.323      0.323      0.322      0.323      0.323      0.323      0.323      0.323      0.323      0.323      0.323      0.323      0.323      0.324      0.323      0.323      0.324      0.324      0.324      0.323      0.323      0.324      0.323      0.323      0.322      0.323      0.323      0.323      0.322      0.323      0.323      0.323      0.323      0.323      0.323      0.323      0.323      0.323      0.323      0.324      0.323      0.323 
conf. interval =      0.010      0.008      0.006      0.007      0.007      0.005      0.005      0.005      0.006      0.005      0.005      0.004      0.004      0.004      0.003      0.006      0.004      0.002      0.003      0.002      0.003      0.001      0.000      0.000      0.000      0.000      0.003      0.006      0.006      0.007      0.005      0.006      0.010      0.005      0.006      0.005      0.008      0.009      0.006      0.005      0.004      0.000      0.000      0.000      0.000      0.000      0.000      0.000      0.000      0.000      0.000      0.000      0.010      0.005      0.007      0.004      0.004      0.003      0.005      0.005      0.003      0.004      0.004      0.002      0.002      0.003      0.003      0.003      0.002      0.003      0.004      0.001      0.003      0.002      0.003      0.003      0.003      0.003      0.010      0.005      0.007      0.004      0.004      0.003      0.005      0.005      0.003      0.004      0.004      0.002      0.002      0.003      0.003      0.003      0.002      0.003      0.004      0.001      0.003      0.002      0.003      0.003      0.003      0.003 

Standard deviation of transmission time (ms)
mean           =      0.056      0.072      0.085      0.095      0.104      0.111      0.116      0.120      0.122      0.123      0.122      0.120      0.117      0.113      0.110      0.104      0.098      0.091      0.083      0.076      0.066      0.057      0.053      0.052      0.052      0.052      0.051      0.064      0.076      0.085      0.092      0.098      0.102      0.105      0.105      0.104      0.099      0.092      0.080      0.063      0.055      0.054      0.054      0.054      0.054      0.054      0.054      0.054      0.054      0.054      0.054      0.054      0.079      0.081      0.082      0.081      0.080      0.081      0.080      0.081      0.081      0.080      0.080      0.080      0.081      0.080      0.081      0.080      0.080      0.081      0.080      0.081      0.081      0.081      0.081      0.081      0.081      0.080      0.079      0.081      0.082      0.081      0.080      0.081      0.080      0.081      0.081      0.080      0.080      0.080      0.081      0.080      0.081      0.080      0.080      0.081      0.080      0.081      0.081      0.081      0.081      0.081      0.081      0.080 
conf. interval =      0.011      0.009      0.008      0.006      0.004      0.003      0.002      0.002      0.001      0.001      0.001      0.001      0.001      0.002      0.002      0.004      0.003      0.002      0.003      0.003      0.004      0.003      0.001      0.001      0.001      0.001      0.009      0.005      0.006      0.004      0.004      0.002      0.003      0.001      0.001      0.002      0.004      0.005      0.006      0.007      0.005      0.001      0.001      0.001      0.001      0.002      0.001      0.001      0.001      0.001      0.001      0.001      0.009      0.006      0.006      0.004      0.004      0.005      0.002      0.003      0.003      0.003      0.002      0.003      0.004      0.003      0.002      0.003      0.003      0.003      0.003      0.002      0.003      0.004      0.003      0.003      0.004      0.004      0.009      0.006      0.006      0.004      0.004      0.005      0.002      0.003      0.003      0.003      0.002      0.003      0.004      0.003      0.002      0.003      0.003      0.003      0.003      0.002      0.003      0.004      0.003      0.003      0.004      0.004 

Packet loss rate
mean           =      0.000      0.000      0.000      0.000      0.000      0.000      0.000      0.000      0.000      0.000      0.000      0.000      0.000      0.000      0.000      0.000      0.000      0.000      0.000      0.000      0.000      0.000      0.000      0.000      0.000      0.000      0.000      0.000      0.000      0.000      0.000      0.000      0.000      0.000      0.000      0.000      0.000      0.000      0.000      0.000      0.000      0.000      0.000      0.000      0.000      0.000      0.000      0.000      0.000      0.000      0.000      0.000      0.000      0.000      0.000      0.000      0.000      0.000      0.000      0.000      0.000      0.000      0.000      0.000      0.000      0.000      0.000      0.000      0.000      0.000      0.000      0.000      0.000      0.000      0.000      0.000      0.000      0.000      0.000      0.000      0.000      0.000      0.000      0.000      0.000      0.000      0.000      0.000      0.000      0.000      0.000      0.000      0.000      0.000      0.000      0.000      0.000      0.000      0.000      0.000      0.000      0.000      0.000      0.000 
conf. interval =      0.000      0.000      0.000      0.000      0.000      0.000      0.000      0.000      0.000      0.000      0.000      0.000      0.000      0.000      0.000      0.000      0.000      0.000      0.000      0.000      0.000      0.000      0.000      0.000      0.000      0.000      0.000      0.000      0.000      0.000      0.000      0.000      0.000      0.000      0.000      0.000      0.000      0.000      0.000      0.000      0.000      0.000      0.000      0.000      0.000      0.000      0.000      0.000      0.000      0.000      0.000      0.000      0.000      0.000      0.000      0.000      0.000      0.000      0.000      0.000      0.000      0.000      0.000      0.000      0.000      0.000      0.000      0.000      0.000      0.000      0.000      0.000      0.000      0.000      0.000      0.000      0.000      0.000      0.000      0.000      0.000      0.000      0.000      0.000      0.000      0.000      0.000      0.000      0.000      0.000      0.000      0.000      0.000      0.000      0.000      0.000      0.000      0.000      0.000      0.000      0.000      0.000      0.000      0.000 

Queue overflow rate
mean           =      0.000      0.000      0.000      0.000      0.000      0.000      0.000      0.000      0.000      0.000      0.000      0.000      0.000      0.000      0.000      0.000      0.000      0.000      0.000      0.000      0.000      0.000      0.000      0.000      0.000      0.033      0.000      0.000      0.000      0.000      0.000      0.000      0.000      0.000      0.000      0.000      0.000      0.000      0.000      0.000      0.000      0.000      0.000      0.045      0.110      0.168      0.215      0.257      0.305      0.332      0.369      0.396      0.000      0.000      0.000      0.000      0.000      0.000      0.000      0.000      0.000      0.000      0.000      0.029      0.139      0.218      0.290      0.345      0.396      0.437      0.472      0.509      0.533      0.563      0.586      0.607      0.626      0.642      0.000      0.000      0.000      0.000      0.000      0.000      0.000      0.000      0.000      0.000      0.000      0.029      0.139      0.218      0.290      0.345      0.396      0.437      0.472      0.509      0.533      0.563      0.586      0.607      0.626      0.642 
conf. interval =      0.000      0.000      0.000      0.000      0.000      0.000      0.000      0.000      0.000      0.000      0.000      0.000      0.000      0.000      0.000      0.000      0.000      0.000      0.000      0.000      0.000      0.000      0.000      0.000      0.000      0.019      0.000      0.000      0.000      0.000      0.000      0.000      0.000      0.000      0.000      0.000      0.000      0.000      0.000      0.000      0.000      0.000      0.000      0.021      0.036      0.038      0.040      0.020      0.031      0.028      0.021      0.025      0.000      0.000      0.000      0.000      0.000      0.000      0.000      0.000      0.000      0.000      0.000      0.054      0.042      0.026      0.028      0.019      0.021      0.024      0.017      0.013      0.016      0.009      0.013      0.014      0.010      0.011      0.000      0.000      0.000      0.000      0.000      0.000      0.000      0.000      0.000      0.000      0.000      0.054      0.042      0.026      0.028      0.019      0.021      0.024      0.017      0.013      0.016      0.009      0.013      0.014      0.010      0.011 

Average queue length
mean           =      1.116      1.258      1.399      1.572      1.741      1.932      2.150      2.424      2.677      2.986      3.331      3.788      4.246      4.871      5.405      6.312      7.271      8.637     10.374     12.575     18.188     33.662    128.419    332.184    467.604    660.329      1.125      1.289      1.454      1.641      1.852      2.113      2.454      2.827      3.350      3.995      5.026      6.439      9.914     29.803    130.092    282.818    457.130    633.168    735.014    800.081    840.732    871.943    898.617    912.101    930.853    941.518      1.118      1.252      1.447      1.632      1.928      2.395      3.274      6.470     43.917    224.973    402.664    574.540    713.279    778.877    827.549    861.696    888.628    907.419    923.750    939.504    947.829    956.579    964.585    970.487    975.293    979.586      1.118      1.252      1.447      1.632      1.928      2.395      3.274      6.470     43.917    224.973    402.664    574.540    713.279    778.877    827.549    861.696    888.628    907.419    923.750    939.504    947.829    956.579    964.585    970.487    975.293    979.586 
conf. interval =      0.052      0.054      0.062      0.071      0.079      0.095      0.095      0.086      0.109      0.146      0.160      0.225      0.299      0.248      0.320      0.680      0.418      0.833      0.867      1.623      3.285     19.415     87.853    135.275    113.245     61.695      0.042      0.061      0.097      0.118      0.134      0.131      0.330      0.160      0.321      0.467      0.857      1.174      4.587     41.672    115.667    123.364    111.199     48.516     57.774     35.137     28.685     25.992     21.893     17.666     17.055     15.314      0.034      0.067      0.065      0.118      0.200      0.191      0.278      1.906     47.734     95.936     61.603     81.670     48.979     43.317     23.672     23.874      9.872     17.305     16.614     12.269     10.075      8.341      8.272      5.482      6.701      4.827      0.034      0.067      0.065      0.118      0.200      0.191      0.278      1.906     47.734     95.936     61.603     81.670     48.979     43.317     23.672     23.874      9.872     17.305     16.614     12.269     10.075      8.341      8.272      5.482      6.701      4.827 

Average transmission power (mW)
mean           =      0.395      0.795      1.161      1.523      1.831      2.154      2.415      2.675      2.922      3.112      3.300      3.487      3.637      3.806      3.914      4.048      4.162      4.285      4.390      4.485      4.596      4.693      4.733      4.741      4.740      4.742      0.408      0.806      1.181      1.534      1.870      2.216      2.505      2.800      3.069      3.271      3.500      3.678      3.852      3.981      4.042      4.048      4.054      4.050      4.051      4.051      4.052      4.053      4.048      4.055      4.052      4.050      0.267      0.534      0.814      1.081      1.336      1.615      1.867      2.135      2.341      2.367      2.369      2.369      2.374      2.371      2.368      2.368      2.369      2.371      2.371      2.370      2.370      2.366      2.365      2.362      2.367      2.367      0.267      0.534      0.814      1.081      1.336      1.615      1.867      2.135      2.341      2.367      2.369      2.369      2.374      2.371      2.368      2.368      2.369      2.371      2.371      2.370      2.370      2.366      2.365      2.362      2.367      2.367 
conf. interval =      0.044      0.079      0.098      0.076      0.099      0.095      0.106      0.067      0.080      0.071      0.060      0.058      0.045      0.040      0.049      0.070      0.058      0.027      0.043      0.048      0.047      0.032      0.014      0.011      0.006      0.007      0.052      0.056      0.087      0.110      0.117      0.109      0.131      0.067      0.084      0.095      0.107      0.089      0.047      0.046      0.070      0.051      0.037      0.057      0.051      0.041      0.064      0.040      0.052      0.051      0.048      0.046      0.031      0.073      0.045      0.053      0.071      0.072      0.091      0.058      0.057      0.024      0.021      0.018      0.013      0.019      0.020      0.019      0.015      0.020      0.019      0.011      0.018      0.012      0.020      0.021      0.019      0.016      0.031      0.073      0.045      0.053      0.071      0.072      0.091      0.058      0.057      0.024      0.021      0.018      0.013      0.019      0.020      0.019      0.015      0.020      0.019      0.011      0.018      0.012      0.020      0.021      0.019      0.016 