

%%%% Final results %%%%


Guard Interval =         1          1          1          1          1          1          1          1          1          1          1          1          1          1          1          1          1          1          1          1          1          1          1          1          1          1          1          1          1          1          1          1          1          1          1          1          1          1          1          1          1          1          1          1          0          0          0          0          0          0          0          0          0          0          0          0          0          0          0          0          0          0          0          0          0          0          0          0          0          0          0          0          0          0          0          0          0          0          0          0          0          0          0          0          0          0          0          0 
data rate      =       2.5          5        7.5         10       12.5         15       17.5         20       22.5         25       27.5         30       32.5         35       37.5         40       42.5         45       47.5         50       52.5         55       57.5         60       62.5         65       67.5         70       72.5         75       77.5         80       82.5         85       87.5         90       92.5         95       97.5        100        102        105        108        110        2.5          5        7.5         10       12.5         15       17.5         20       22.5         25       27.5         30       32.5         35       37.5         40       42.5         45       47.5         50       52.5         55       57.5         60       62.5         65       67.5         70       72.5         75       77.5         80       82.5         85       87.5         90       92.5         95       97.5        100        102        105        108        110 Mbps


Throughput (Mbps)
mean           =      2.428      5.021      7.430      9.967     12.461     14.967     17.394     20.042     22.622     25.164     27.480     29.928     32.518     35.116     37.596     40.093     42.561     45.256     47.665     50.205     52.639     55.082     57.808     60.191     61.902     62.055     62.215     62.176     62.074     62.147     62.032     62.246     62.250     62.139     62.258     62.238     62.245     62.007     62.004     62.069     62.213     61.965     62.132     62.137      2.386      4.934      7.406     10.005     12.353     14.981     17.336     20.027     22.580     24.913     27.354     30.058     32.424     35.334     37.322     40.143     42.585     45.338     47.744     50.048     52.804     55.191     56.148     56.334     56.297     56.338     56.291     56.252     56.311     56.228     56.340     56.295     56.221     56.203     56.263     56.256     56.314     56.307     56.320     56.305     56.249     56.308     56.245     56.349 
conf. interval =      0.296      0.549      0.452      0.750      0.924      0.656      0.640      0.764      1.068      1.093      1.195      0.965      1.477      1.317      1.057      1.323      1.106      1.600      1.282      1.466      1.476      1.955      1.210      1.433      2.523      2.798      2.250      2.576      2.934      2.436      2.559      2.428      2.059      2.543      2.899      2.138      1.946      2.896      2.240      2.462      1.797      3.106      2.726      2.018      0.285      0.505      0.704      0.630      0.943      0.828      0.734      0.730      0.884      0.696      0.728      0.738      0.568      0.700      0.990      1.659      1.198      0.580      1.075      0.994      1.229      1.050      0.346      0.325      0.309      0.287      0.379      0.389      0.233      0.302      0.234      0.239      0.406      0.277      0.310      0.259      0.185      0.524      0.360      0.355      0.339      0.204      0.538      0.233 

Transfer time (ms)
mean           =      0.369      0.384      0.403      0.420      0.441      0.474      0.495      0.524      0.550      0.604      0.622      0.654      0.707      0.794      0.824      0.902      1.003      1.113      1.269      1.715      1.698      2.277      3.424      4.787     11.157     29.644     47.550     67.509     82.352     91.848     98.581    102.317    106.306    108.465    111.238    112.855    113.603    115.837    116.745    117.528    118.209    119.246    119.753    120.244      0.385      0.407      0.428      0.452      0.477      0.502      0.531      0.567      0.599      0.638      0.680      0.739      0.798      0.876      0.944      1.057      1.178      1.350      1.572      1.858      2.603      4.758     17.659     43.788     60.148     83.899     94.966    103.467    110.489    115.310    118.658    120.515    122.379    124.968    126.342    127.131    128.190    128.947    129.879    130.556    131.711    131.720    132.552    132.911 
conf. interval =      0.049      0.018      0.039      0.046      0.045      0.084      0.092      0.084      0.071      0.201      0.157      0.084      0.182      0.371      0.195      0.241      0.395      0.460      0.719      2.493      1.117      3.230      5.352      8.431     16.469     30.057     26.891     20.258     14.427      9.385     11.402      8.336      6.636      6.136      7.324      5.365      4.191      5.828      5.007      5.688      4.778      6.820      6.624      4.940      0.011      0.008      0.008      0.012      0.011      0.014      0.013      0.011      0.014      0.019      0.019      0.029      0.048      0.035      0.040      0.091      0.054      0.107      0.116      0.219      0.454      2.778     11.737     17.776     14.047      9.363     12.253      9.872      3.348      3.577      5.194      3.659      1.708      1.539      2.506      1.728      1.582      2.510      2.514      2.039      2.032      1.208      2.342      1.526 

Standard deviation of transfer time (ms)
mean           =      0.117      0.101      0.123      0.134      0.146      0.196      0.204      0.225      0.207      0.337      0.289      0.264      0.353      0.494      0.395      0.451      0.555      0.619      0.740      1.277      0.918      1.474      2.441      2.727      5.511     15.287     25.378     32.447     37.950     37.536     36.202     34.973     32.794     32.006     29.966     28.482     27.639     26.536     25.198     24.285     23.013     22.795     21.842     20.693      0.071      0.093      0.110      0.125      0.141      0.155      0.168      0.182      0.196      0.210      0.228      0.258      0.297      0.318      0.349      0.398      0.439      0.520      0.615      0.738      1.213      2.486      8.483     20.768     28.659     39.336     41.302     41.545     38.979     37.166     35.042     34.064     32.945     30.572     29.540     28.784     27.771     26.874     25.961     25.162     23.935     23.793     22.820     21.969 
conf. interval =      0.290      0.054      0.128      0.153      0.103      0.344      0.344      0.366      0.172      0.974      0.596      0.251      0.805      1.362      0.690      0.782      1.226      1.448      1.761      4.302      1.721      4.274      6.180      5.342     12.442     19.128     14.636     12.599      6.300      4.112      3.294      4.001      4.410      5.055      4.713      3.482      4.144      5.402      4.456      4.204      3.293      5.001      3.629      2.787      0.016      0.015      0.011      0.008      0.010      0.011      0.011      0.013      0.017      0.018      0.016      0.031      0.094      0.039      0.036      0.071      0.055      0.145      0.129      0.360      0.675      1.985      8.249      6.718      6.917      4.716      3.461      4.247      1.311      2.350      3.507      3.078      1.317      1.519      2.273      2.205      1.584      1.979      2.644      1.904      2.112      1.860      2.042      2.163 

Transmission time (ms)
mean           =      0.335      0.327      0.316      0.306      0.297      0.283      0.273      0.260      0.249      0.238      0.228      0.218      0.208      0.198      0.189      0.180      0.173      0.165      0.158      0.151      0.146      0.141      0.136      0.132      0.130      0.130      0.130      0.130      0.130      0.130      0.130      0.130      0.130      0.130      0.130      0.130      0.130      0.130      0.130      0.130      0.130      0.130      0.130      0.130      0.358      0.350      0.338      0.327      0.315      0.302      0.290      0.276      0.264      0.251      0.240      0.227      0.217      0.204      0.196      0.186      0.178      0.170      0.163      0.157      0.151      0.146      0.144      0.144      0.144      0.144      0.144      0.144      0.144      0.144      0.144      0.144      0.144      0.144      0.144      0.144      0.144      0.144      0.144      0.144      0.144      0.144      0.144      0.144 
conf. interval =      0.008      0.005      0.005      0.006      0.009      0.010      0.009      0.006      0.008      0.006      0.008      0.005      0.008      0.008      0.005      0.005      0.005      0.005      0.005      0.005      0.005      0.006      0.004      0.002      0.001      0.000      0.000      0.000      0.000      0.000      0.000      0.000      0.000      0.000      0.000      0.000      0.000      0.000      0.000      0.000      0.000      0.000      0.000      0.000      0.010      0.008      0.006      0.007      0.007      0.005      0.005      0.005      0.006      0.005      0.005      0.004      0.004      0.004      0.003      0.006      0.004      0.002      0.003      0.002      0.003      0.001      0.000      0.000      0.000      0.000      0.000      0.000      0.000      0.000      0.000      0.000      0.000      0.000      0.000      0.000      0.000      0.000      0.000      0.000      0.000      0.000      0.000      0.000 

Standard deviation of transmission time (ms)
mean           =      0.055      0.069      0.081      0.091      0.098      0.106      0.110      0.114      0.116      0.117      0.117      0.116      0.114      0.111      0.108      0.104      0.100      0.095      0.089      0.083      0.077      0.070      0.062      0.054      0.048      0.047      0.047      0.047      0.047      0.047      0.047      0.047      0.047      0.047      0.047      0.047      0.047      0.047      0.047      0.047      0.047      0.047      0.047      0.047      0.056      0.072      0.085      0.095      0.104      0.111      0.116      0.120      0.122      0.123      0.122      0.120      0.117      0.113      0.110      0.104      0.098      0.091      0.083      0.076      0.066      0.057      0.053      0.052      0.052      0.052      0.052      0.052      0.052      0.053      0.052      0.052      0.053      0.053      0.053      0.053      0.053      0.053      0.052      0.052      0.053      0.052      0.053      0.052 
conf. interval =      0.009      0.006      0.006      0.006      0.006      0.005      0.003      0.002      0.001      0.001      0.001      0.001      0.002      0.003      0.002      0.003      0.003      0.004      0.005      0.006      0.006      0.009      0.008      0.006      0.002      0.001      0.001      0.001      0.001      0.001      0.001      0.001      0.001      0.001      0.001      0.001      0.001      0.001      0.001      0.000      0.001      0.001      0.001      0.001      0.011      0.009      0.008      0.006      0.004      0.003      0.002      0.002      0.001      0.001      0.001      0.001      0.001      0.002      0.002      0.004      0.003      0.002      0.003      0.003      0.004      0.003      0.001      0.001      0.001      0.001      0.001      0.001      0.001      0.001      0.001      0.001      0.001      0.001      0.001      0.001      0.001      0.001      0.001      0.001      0.001      0.001      0.001      0.001 

Packet loss rate
mean           =      0.000      0.000      0.000      0.000      0.000      0.000      0.000      0.000      0.000      0.000      0.000      0.000      0.000      0.000      0.000      0.000      0.000      0.000      0.000      0.000      0.000      0.000      0.000      0.000      0.000      0.000      0.000      0.000      0.000      0.000      0.000      0.000      0.000      0.000      0.000      0.000      0.000      0.000      0.000      0.000      0.000      0.000      0.000      0.000      0.000      0.000      0.000      0.000      0.000      0.000      0.000      0.000      0.000      0.000      0.000      0.000      0.000      0.000      0.000      0.000      0.000      0.000      0.000      0.000      0.000      0.000      0.000      0.000      0.000      0.000      0.000      0.000      0.000      0.000      0.000      0.000      0.000      0.000      0.000      0.000      0.000      0.000      0.000      0.000      0.000      0.000      0.000      0.000 
conf. interval =      0.000      0.000      0.000      0.000      0.000      0.000      0.000      0.000      0.000      0.000      0.000      0.000      0.000      0.000      0.000      0.000      0.000      0.000      0.000      0.000      0.000      0.000      0.000      0.000      0.000      0.000      0.000      0.000      0.000      0.000      0.000      0.000      0.000      0.000      0.000      0.000      0.000      0.000      0.000      0.000      0.000      0.000      0.000      0.000      0.000      0.000      0.000      0.000      0.000      0.000      0.000      0.000      0.000      0.000      0.000      0.000      0.000      0.000      0.000      0.000      0.000      0.000      0.000      0.000      0.000      0.000      0.000      0.000      0.000      0.000      0.000      0.000      0.000      0.000      0.000      0.000      0.000      0.000      0.000      0.000      0.000      0.000      0.000      0.000      0.000      0.000      0.000      0.000 

Queue overflow rate
mean           =      0.000      0.000      0.000      0.000      0.000      0.000      0.000      0.000      0.000      0.000      0.000      0.000      0.000      0.000      0.000      0.000      0.000      0.000      0.000      0.000      0.000      0.000      0.000      0.000      0.000      0.000      0.000      0.013      0.056      0.092      0.131      0.159      0.187      0.216      0.245      0.267      0.292      0.314      0.333      0.354      0.372      0.389      0.406      0.421      0.000      0.000      0.000      0.000      0.000      0.000      0.000      0.000      0.000      0.000      0.000      0.000      0.000      0.000      0.000      0.000      0.000      0.000      0.000      0.000      0.000      0.000      0.000      0.000      0.000      0.033      0.074      0.114      0.153      0.188      0.219      0.245      0.272      0.298      0.321      0.344      0.362      0.381      0.401      0.417      0.434      0.449      0.463      0.477 
conf. interval =      0.000      0.000      0.000      0.000      0.000      0.000      0.000      0.000      0.000      0.000      0.000      0.000      0.000      0.000      0.000      0.000      0.000      0.000      0.000      0.000      0.000      0.000      0.000      0.000      0.000      0.000      0.004      0.036      0.049      0.037      0.045      0.035      0.031      0.029      0.034      0.028      0.016      0.034      0.028      0.033      0.027      0.032      0.031      0.025      0.000      0.000      0.000      0.000      0.000      0.000      0.000      0.000      0.000      0.000      0.000      0.000      0.000      0.000      0.000      0.000      0.000      0.000      0.000      0.000      0.000      0.000      0.000      0.000      0.000      0.019      0.024      0.031      0.019      0.012      0.026      0.013      0.017      0.018      0.018      0.020      0.010      0.016      0.016      0.015      0.017      0.007      0.014      0.012 

Average queue length
mean           =      1.111      1.240      1.378      1.511      1.662      1.886      2.065      2.314      2.548      2.891      3.111      3.431      3.821      4.452      4.820      5.470      6.277      7.226      8.475     11.584     12.042     16.517     25.418     36.686     87.963    242.367    402.012    580.691    703.081    776.676    829.052    859.382    888.782    904.219    925.289    937.522    944.416    955.864    962.731    968.941    974.623    977.785    982.696    986.031      1.116      1.258      1.399      1.572      1.741      1.932      2.150      2.424      2.677      2.986      3.331      3.788      4.246      4.871      5.405      6.312      7.271      8.637     10.374     12.575     18.188     33.662    128.419    332.184    467.604    660.329    739.389    798.637    847.539    879.877    903.348    916.429    928.274    944.690    953.609    959.108    965.962    970.684    975.690    979.865    984.803    986.142    989.320    991.815 
conf. interval =      0.046      0.039      0.049      0.075      0.115      0.156      0.215      0.173      0.225      0.508      0.477      0.226      0.569      1.534      0.625      0.917      1.823      2.286      3.954     14.829      6.786     21.848     37.553     61.587    129.897    239.936    215.784    150.041     80.350     46.426     57.638     35.665     27.757     26.299     23.566     14.571     14.009      5.043     11.611      8.209     11.884      9.248     10.022      7.341      0.052      0.054      0.062      0.071      0.079      0.095      0.095      0.086      0.109      0.146      0.160      0.225      0.299      0.248      0.320      0.680      0.418      0.833      0.867      1.623      3.285     19.415     87.853    135.275    113.245     61.695     78.051     59.518     20.260     20.617     28.488     21.832      6.627      7.579     12.702      9.449      7.904      9.744     10.773      8.309      7.104      5.102      6.373      5.409 

Average transmission power (mW)
mean           =      0.368      0.737      1.065      1.389      1.697      1.979      2.227      2.481      2.711      2.910      3.086      3.254      3.422      3.576      3.703      3.824      3.942      4.064      4.167      4.279      4.374      4.468      4.574      4.661      4.732      4.738      4.744      4.744      4.744      4.747      4.746      4.746      4.744      4.746      4.745      4.746      4.747      4.746      4.744      4.747      4.745      4.747      4.746      4.745      0.395      0.795      1.161      1.523      1.831      2.154      2.415      2.675      2.922      3.112      3.300      3.487      3.637      3.806      3.914      4.048      4.162      4.285      4.390      4.485      4.596      4.693      4.733      4.741      4.740      4.742      4.741      4.741      4.743      4.741      4.742      4.743      4.742      4.742      4.742      4.742      4.742      4.742      4.745      4.743      4.742      4.743      4.743      4.745 
conf. interval =      0.056      0.075      0.087      0.125      0.152      0.143      0.127      0.115      0.118      0.143      0.116      0.081      0.125      0.120      0.074      0.087      0.081      0.092      0.088      0.107      0.101      0.131      0.101      0.066      0.027      0.011      0.007      0.009      0.009      0.005      0.006      0.011      0.007      0.010      0.007      0.008      0.006      0.007      0.005      0.004      0.003      0.007      0.004      0.010      0.044      0.079      0.098      0.076      0.099      0.095      0.106      0.067      0.080      0.071      0.060      0.058      0.045      0.040      0.049      0.070      0.058      0.027      0.043      0.048      0.047      0.032      0.014      0.011      0.006      0.007      0.012      0.010      0.007      0.008      0.006      0.007      0.008      0.007      0.009      0.008      0.008      0.006      0.006      0.008      0.006      0.005      0.010      0.006 